 Kè-3
T001
à11 500; à12 2017; à71 000; à72 0071; à73 1552; Y01 100;
Y02 100; Ñ01 1230; 01 0001; 02 0002; 03 0800; 04 0800;
05 0800; 06 0800; 07 0800; 08 0800; 09 0800; 10 0800;
11 0800; 12 0800; 13 0800; 14 0800; 15 0800; 16 0800; KT;
T002
01 0800; 02 0001; 03 0002; KT;
T003
02 0800; 03 0001; 04 0002; KT;
T004
03 0800; 04 0001; 05 0002; KT;
T005
04 0800; 05 0001; 06 0002; KT;
T006
05 0800; 06 0001; 07 0002; KT;
T007
06 0800; 07 0001; 08 0002; KT;
T008
07 0800; 08 0001; 09 0002; KT;
T009
08 0800; 09 0001; 10 0002; KT;
T010
09 0800; 10 0001; 11 0002; KT;
T011
10 0800; 11 0001; 12 0002; KT;
T012
11 0800; 12 0001; 13 0002; KT;
T013
12 0800; 13 0001; 14 0002; KT;
T014
13 0800; 14 0001; 15 0002; KT;
T015
14 0800; 15 0001; 16 0002; KT;
T016
15 0002; 16 0001; KT;
T017
à11 000; à12 0000; à21 500; à22 2017; 01 0001; 02 0002;
03 0400; 04 0400; 05 0400; 06 0400; 07 0400; 08 0400;
09 0400; 10 0400; 11 0400; 12 0400; 13 0400; 14 0400;
15 0400; 16 0400; KT;
T018
01 0400; 02 0001; 03 0002; KT;
T019
02 0400; 03 0001; 04 0002; KT;
T020
03 0400; 04 0001; 05 0002; KT;
T021
04 0400; 05 0001; 06 0002; KT;
T022
05 0400; 06 0001; 07 0002; KT;
T023
06 0400; 07 0001; 08 0002; KT;
T024
07 0400; 08 0001; 09 0002; KT;
T025
08 0400; 09 0001; 10 0002; KT;
T026
09 0400; 10 0001; 11 0002; KT;
T027
10 0400; 11 0001; 12 0002; KT;
T028
11 0400; 12 0001; 13 0002; KT;
T029
12 0400; 13 0001; 14 0002; KT;
T030
13 0400; 14 0001; 15 0002; KT;
T031
14 0400; 15 0001; 16 0002; KT;
T032
15 0002; 16 0001; KT;
T033
à21 000; à22 0000; à31 500; à32 2017; 01 0001; 02 0002;
03 0200; 04 0200; 05 0200; 06 0200; 07 0200; 08 0200;
09 0200; 10 0200; 11 0200; 12 0200; 13 0200; 14 0200;
15 0200; 16 0200; KT;
T034
01 0200; 02 0001; 03 0002; KT;
T035
02 0200; 03 0001; 04 0002; KT;
T036
03 0200; 04 0001; 05 0002; KT;
T037
04 0200; 05 0001; 06 0002; KT;
T038
05 0200; 06 0001; 07 0002; KT;
T039
06 0200; 07 0001; 08 0002; KT;
T040
07 0200; 08 0001; 09 0002; KT;
T041
08 0200; 09 0001; 10 0002; KT;
T042
09 0200; 10 0001; 11 0002; KT;
T043
10 0200; 11 0001; 12 0002; KT;
T044
11 0200; 12 0001; 13 0002; KT;
T045
12 0200; 13 0001; 14 0002; KT;
T046
13 0200; 14 0001; 15 0002; KT;
T047
14 0200; 15 0001; 16 0002; KT;
T048
15 0002; 16 0001; KT;
T049
à31 000; à32 0000; à41 500; à42 2017; 01 0001; 02 0002;
03 0100; 04 0100; 05 0100; 06 0100; 07 0100; 08 0100;
09 0100; 10 0100; 11 0100; 12 0100; 13 0100; 14 0100;
15 0100; 16 0100; KT;
T050
01 0100; 02 0001; 03 0002; KT;
T051
02 0100; 03 0001; 04 0002; KT;
T052
03 0100; 04 0001; 05 0002; KT;
T053
04 0100; 05 0001; 06 0002; KT;
T054
05 0100; 06 0001; 07 0002; KT;
T055
06 0100; 07 0001; 08 0002; KT;
T056
07 0100; 08 0001; 09 0002; KT;
T057
08 0100; 09 0001; 10 0002; KT;
T058
09 0100; 10 0001; 11 0002; KT;
T059
10 0100; 11 0001; 12 0002; KT;
T060
11 0100; 12 0001; 13 0002; KT;
T061
12 0100; 13 0001; 14 0002; KT;
T062
13 0100; 14 0001; 15 0002; KT;
T063
14 0100; 15 0001; 16 0002; KT;
T064
15 0002; 16 0001; KT;
T065
à41 000; à42 0000; à51 500; à52 2017; 01 0001; 02 0002;
03 0040; 04 0040; 05 0040; 06 0040; 07 0040; 08 0040;
09 0040; 10 0040; 11 0040; 12 0040; 13 0040; 14 0040;
15 0040; 16 0040; KT;
T066
01 0040; 02 0001; 03 0002; KT;
T067
02 0040; 03 0001; 04 0002; KT;
T068
03 0040; 04 0001; 05 0002; KT;
T069
04 0040; 05 0001; 06 0002; KT;
T070
05 0040; 06 0001; 07 0002; KT;
T071
06 0040; 07 0001; 08 0002; KT;
T072
07 0040; 08 0001; 09 0002; KT;
T073
08 0040; 09 0001; 10 0002; KT;
T074
09 0040; 10 0001; 11 0002; KT;
T075
10 0040; 11 0001; 12 0002; KT;
T076
11 0040; 12 0001; 13 0002; KT;
T077
12 0040; 13 0001; 14 0002; KT;
T078
13 0040; 14 0001; 15 0002; KT;
T079
14 0040; 15 0001; 16 0002; KT;
T080
15 0002; 16 0001; KT;
T081
à51 000; à52 0000; à61 500; à62 2017; 01 0001; 02 0002;
03 0020; 04 0020; 05 0020; 06 0020; 07 0020; 08 0020;
09 0020; 10 0020; 11 0020; 12 0020; 13 0020; 14 0020;
15 0020; 16 0020; KT;
T082
01 0020; 02 0001; 03 0002; KT;
T083
02 0020; 03 0001; 04 0002; KT;
T084
03 0020; 04 0001; 05 0002; KT;
T085
04 0020; 05 0001; 06 0002; KT;
T086
05 0020; 06 0001; 07 0002; KT;
T087
06 0020; 07 0001; 08 0002; KT;
T088
07 0020; 08 0001; 09 0002; KT;
T089
08 0020; 09 0001; 10 0002; KT;
T090
09 0020; 10 0001; 11 0002; KT;
T091
10 0020; 11 0001; 12 0002; KT;
T092
11 0020; 12 0001; 13 0002; KT;
T093
12 0020; 13 0001; 14 0002; KT;
T094
13 0020; 14 0001; 15 0002; KT;
T095
14 0020; 15 0001; 16 0002; KT;
T096
15 0002; 16 0001; KT;
T097
XX
   èêàåÖóÄçàÖ
      èì N çÖ íêÖÅìÖíëü
      ÑéäìåÖçí ---
      àáå. --- 
      ÑÄíÄ ---
